   3.9416531e+00   9.7872336e+00
   2.7061846e+00   7.0469060e+00
   3.7169539e+00   7.8183239e+00
   1.8259957e+00   8.2013922e+00
   1.1803449e+00   7.9709601e+00
   7.9531451e-01   5.4298530e+00
   3.6099410e+00   8.8730176e+00
   3.0961824e+00   6.8883039e+00
   3.9704945e+00   8.3254242e+00
   2.6326346e+00   7.3006764e+00
   7.1288954e-01   5.7636937e+00
   9.5180922e-01   7.4054380e+00
   2.7352003e-01   1.0470772e+00
   3.6210588e-01   3.9416487e-01
   9.7168886e-01   7.2331146e+00
   4.7918350e-01   5.0161761e+00
   2.5523783e+00   6.7612011e+00
   3.6935900e+00   7.6039800e+00
   1.5241597e+00   8.4805221e+00
   4.6613929e-01   2.9426952e+00
   3.1561120e+00   7.3124770e+00
   1.7809109e+00   7.9192480e+00
   2.8200982e+00   6.6175969e+00
   2.7633276e+00   7.2397519e+00
   1.7676069e+00   8.0420376e+00
   2.4498086e+00   7.3641440e+00
   2.6207221e+00   7.6794480e+00
   2.1907397e+00   7.4916697e+00
   9.8018587e-01   5.9151844e+00
   2.2120339e+00   8.0325981e+00
